	bc1005_bc1056	bc1005_bc1057	bc1005_bc1062	bc1005_bc1075	bc1007_bc1075	bc1020_bc1059
bc1005_bc1056	0.0	0.030846621108580108	0.02201974183750949	0.02088078967350038	0.03416856492027335	0.027999240698557328
bc1005_bc1057	0.030846621108580108	0.0	0.027239939255884586	0.033694001518602884	0.04413439635535307	0.02629081245254366
bc1005_bc1062	0.02201974183750949	0.027239939255884586	0.0	0.02382308276385725	0.031131359149582385	0.030561883067577827
bc1005_bc1075	0.02088078967350038	0.033694001518602884	0.02382308276385725	0.0	0.03540242976461655	0.02780941533788914
bc1007_bc1075	0.03416856492027335	0.04413439635535307	0.031131359149582385	0.03540242976461655	0.0	0.03654138192862567
bc1020_bc1059	0.027999240698557328	0.02629081245254366	0.030561883067577827	0.02780941533788914	0.03654138192862567	0.0
