	bc1005_bc1056	bc1005_bc1057	bc1005_bc1062	bc1005_bc1075	bc1007_bc1075	bc1020_bc1059	bc1024_bc1111
bc1005_bc1056	0.0	0.03213819423521141	0.02289846339258813	0.0216932811087677	0.03796324194034348	0.02792005624183991	0.028723511097720197
bc1005_bc1057	0.03213819423521141	0.0	0.02771919252786984	0.0346489906598373	0.04941247363663754	0.028321783669780054	0.033142512805061766
bc1005_bc1062	0.02289846339258813	0.02771919252786984	0.0	0.02289846339258813	0.032539921663151554	0.03233905794918148	0.02912523852566034
bc1005_bc1075	0.0216932811087677	0.0346489906598373	0.02289846339258813	0.0	0.03896756051019384	0.029828261524555588	0.025107964246258913
bc1007_bc1075	0.03796324194034348	0.04941247363663754	0.032539921663151554	0.03896756051019384	0.0	0.038766696796223764	0.03274078537712162
bc1020_bc1059	0.02792005624183991	0.028321783669780054	0.03233905794918148	0.029828261524555588	0.038766696796223764	0.0	0.02701616952897459
bc1024_bc1111	0.028723511097720197	0.033142512805061766	0.02912523852566034	0.025107964246258913	0.03274078537712162	0.02701616952897459	0.0
