	bc1005_bc1056	bc1005_bc1057	bc1005_bc1062	bc1005_bc1075	bc1007_bc1075	bc1020_bc1059	bc1024_bc1111
bc1005_bc1056	0.0	0.029828261524555588	0.018881189113186703	0.021793712965752738	0.0391684242241639	0.027819624384854875	0.02681530581500452
bc1005_bc1057	0.029828261524555588	0.0	0.026714873958019483	0.03304208094807673	0.04639951792708647	0.026915737671989556	0.031836898664256305
bc1005_bc1062	0.018881189113186703	0.026714873958019483	0.0	0.023501054534498342	0.034849854373807373	0.030631716380435874	0.03073214823742091
bc1005_bc1075	0.021793712965752738	0.03304208094807673	0.023501054534498342	0.0	0.039771015366074115	0.028823942954705233	0.026212714673094304
bc1007_bc1075	0.0391684242241639	0.04639951792708647	0.034849854373807373	0.039771015366074115	0.0	0.03424726323189716	0.030129557095510694
bc1020_bc1059	0.027819624384854875	0.026915737671989556	0.030631716380435874	0.028823942954705233	0.03424726323189716	0.0	0.02520839610324395
bc1024_bc1111	0.02681530581500452	0.031836898664256305	0.03073214823742091	0.026212714673094304	0.030129557095510694	0.02520839610324395	0.0
