	bc1005_bc1056	bc1005_bc1057	bc1005_bc1062	bc1005_bc1075	bc1007_bc1075	bc1020_bc1059	bc1024_bc1111
bc1005_bc1056	0.0	0.027618760670884805	0.019785075826052025	0.021090689966857486	0.035753741086672695	0.023701918248468415	0.02540925981721402
bc1005_bc1057	0.027618760670884805	0.0	0.02842221552676509	0.03525158180174751	0.04599779049914633	0.02611228281610927	0.03093301195139098
bc1005_bc1062	0.019785075826052025	0.02842221552676509	0.0	0.019785075826052025	0.03233905794918148	0.027217033242944663	0.02792005624183991
bc1005_bc1075	0.021090689966857486	0.03525158180174751	0.019785075826052025	0.0	0.03756151451240333	0.025509691674199055	0.025107964246258913
bc1007_bc1075	0.035753741086672695	0.04599779049914633	0.03233905794918148	0.03756151451240333	0.0	0.033845535803957015	0.02962739781058552
bc1020_bc1059	0.023701918248468415	0.02611228281610927	0.027217033242944663	0.025509691674199055	0.033845535803957015	0.0	0.024404941247363664
bc1024_bc1111	0.02540925981721402	0.03093301195139098	0.02792005624183991	0.025107964246258913	0.02962739781058552	0.024404941247363664	0.0
