	bc1005_bc1056	bc1005_bc1057	bc1005_bc1062	bc1005_bc1075	bc1007_bc1075	bc1020_bc1059
bc1005_bc1056	0.0	0.027999240698557328	0.020216400911161732	0.01945709946848899	0.03416856492027335	0.027524677296886863
bc1005_bc1057	0.027999240698557328	0.0	0.026100987091875475	0.0335041761579347	0.04337509491268034	0.02733485193621868
bc1005_bc1062	0.020216400911161732	0.026100987091875475	0.0	0.0244874715261959	0.029612756264236904	0.028948367501898255
bc1005_bc1075	0.01945709946848899	0.0335041761579347	0.0244874715261959	0.0	0.03777524677296887	0.029802581624905088
bc1007_bc1075	0.03416856492027335	0.04337509491268034	0.029612756264236904	0.03777524677296887	0.0	0.03540242976461655
bc1020_bc1059	0.027524677296886863	0.02733485193621868	0.028948367501898255	0.029802581624905088	0.03540242976461655	0.0
