	bc1005_bc1056	bc1005_bc1057	bc1005_bc1062	bc1005_bc1075	bc1007_bc1075	bc1020_bc1059
bc1005_bc1056	0.0	0.028925996897527145	0.02153481157039876	0.020348571949995436	0.03567843781366913	0.02810475408340177
bc1005_bc1057	0.028925996897527145	0.0	0.026006022447303587	0.03458344739483529	0.04571584998631262	0.02755725887398485
bc1005_bc1062	0.02153481157039876	0.026006022447303587	0.0	0.022082306779815677	0.0325759649603066	0.029747239711652523
bc1005_bc1075	0.020348571949995436	0.03458344739483529	0.022082306779815677	0.0	0.03640843142622502	0.028013504881832282
bc1007_bc1075	0.03567843781366913	0.04571584998631262	0.0325759649603066	0.03640843142622502	0.0	0.03540469020896067
bc1020_bc1059	0.02810475408340177	0.02755725887398485	0.029747239711652523	0.028013504881832282	0.03540469020896067	0.0
