	bc1005_bc1056	bc1005_bc1057	bc1005_bc1062	bc1005_bc1075	bc1007_bc1075	bc1020_bc1059
bc1005_bc1056	0.0	0.04742438916080666	0.09724454605440203	0.000673658831557445	0.10815310017411421	0.07775372876747974
bc1005_bc1057	0.04742438916080666	0.0	0.13892453935901372	0.04681230582280875	0.1488545961826896	0.035043932671271524
bc1005_bc1062	0.09724454605440203	0.13892453935901372	0.0	0.09663598690887201	0.013367864034408351	0.16635763343738774
bc1005_bc1075	0.000673658831557445	0.04681230582280875	0.09663598690887201	0.0	0.10755916420381816	0.07718001328162545
bc1007_bc1075	0.10815310017411421	0.1488545961826896	0.013367864034408351	0.10755916420381816	0.0	0.1756684646740375
bc1020_bc1059	0.07775372876747974	0.035043932671271524	0.16635763343738774	0.07718001328162545	0.1756684646740375	0.0
