	bc1005_bc1056	bc1005_bc1057	bc1005_bc1062	bc1005_bc1075	bc1007_bc1075	bc1020_bc1059	bc1024_bc1111
bc1005_bc1056	0.0	0.008132077355599432	0.003547811857830175	0.00371814712207446	0.011684550804050476	0.00431186795353698	0.008079135133253342
bc1005_bc1057	0.008132077355599432	0.0	0.010664226375879974	0.011206620153936715	0.015844935825327925	0.007481836871617687	0.010857793776761129
bc1005_bc1062	0.003547811857830175	0.010664226375879974	0.0	0.0015536604149119166	0.00917842771826697	0.004958732460425061	0.0059097792185558995
bc1005_bc1075	0.00371814712207446	0.011206620153936715	0.0015536604149119166	0.0	0.008920226093167555	0.004948612080482706	0.005481654653649129
bc1007_bc1075	0.011684550804050476	0.015844935825327925	0.00917842771826697	0.008920226093167555	0.0	0.00936125526613043	0.005972794864033482
bc1020_bc1059	0.00431186795353698	0.007481836871617687	0.004958732460425061	0.004948612080482706	0.00936125526613043	0.0	0.005681648053962053
bc1024_bc1111	0.008079135133253342	0.010857793776761129	0.0059097792185558995	0.005481654653649129	0.005972794864033482	0.005681648053962053	0.0
