	bc1005_bc1056	bc1005_bc1057	bc1005_bc1062	bc1005_bc1075	bc1007_bc1075	bc1020_bc1059
bc1005_bc1056	0.0	0.009242928270977065	0.00361532626149945	0.0038966378147726323	0.012366993286709376	0.005996423344362417
bc1005_bc1057	0.009242928270977065	0.0	0.009969376744828236	0.012313092901741016	0.01681753212521028	0.007106217271397685
bc1005_bc1062	0.00361532626149945	0.009969376744828236	0.0	0.0032165045236156897	0.010049388254105479	0.006246588080666273
bc1005_bc1075	0.0038966378147726323	0.012313092901741016	0.0032165045236156897	0.0	0.009522969625707476	0.007432686540201196
bc1007_bc1075	0.012366993286709376	0.01681753212521028	0.010049388254105479	0.009522969625707476	0.0	0.01184613302907294
bc1020_bc1059	0.005996423344362417	0.007106217271397685	0.006246588080666273	0.007432686540201196	0.01184613302907294	0.0
