	bc1005_bc1056	bc1005_bc1057	bc1005_bc1062	bc1005_bc1075	bc1007_bc1075	bc1020_bc1059	bc1024_bc1111
bc1005_bc1056	0.0	0.008775844738129451	0.002745417510551618	0.0028504286035333512	0.01326211072558622	0.006126261930764449	0.00854435363224078
bc1005_bc1057	0.008775844738129451	0.0	0.009391628554997783	0.010382146028518205	0.016805460080625317	0.007443343155070903	0.010777745548334805
bc1005_bc1062	0.002745417510551618	0.009391628554997783	0.0	0.0023547488940591273	0.011928666199345034	0.006133184980722527	0.007429486914200219
bc1005_bc1075	0.0028504286035333512	0.010382146028518205	0.0023547488940591273	0.0	0.011348855776232823	0.006088001476216084	0.006847290466766679
bc1007_bc1075	0.01326211072558622	0.016805460080625317	0.011928666199345034	0.011348855776232823	0.0	0.010646756622815926	0.007650908344462501
bc1020_bc1059	0.006126261930764449	0.007443343155070903	0.006133184980722527	0.006088001476216084	0.010646756622815926	0.0	0.004938908444935845
bc1024_bc1111	0.00854435363224078	0.010777745548334805	0.007429486914200219	0.006847290466766679	0.007650908344462501	0.004938908444935845	0.0
