	bc1005_bc1056	bc1005_bc1057	bc1005_bc1062	bc1005_bc1075	bc1007_bc1075	bc1020_bc1059	bc1024_bc1111
bc1005_bc1056	0.0	0.008813382073699633	0.004466473946216646	0.0036379746516897143	0.013171371800158087	0.0061743804955304415	0.009570736297928564
bc1005_bc1057	0.008813382073699633	0.0	0.009606713713246756	0.01024886189586772	0.01767076648893584	0.007239136060639375	0.011342862539261029
bc1005_bc1062	0.004466473946216646	0.009606713713246756	0.0	0.0019140447088561207	0.010119694892251544	0.005582254402980221	0.006503233725631349
bc1005_bc1075	0.0036379746516897143	0.01024886189586772	0.0019140447088561207	0.0	0.01020202019487311	0.005880929345727529	0.00636274579094268
bc1007_bc1075	0.013171371800158087	0.01767076648893584	0.010119694892251544	0.01020202019487311	0.0	0.01211297297964812	0.00825845479575116
bc1020_bc1059	0.0061743804955304415	0.007239136060639375	0.005582254402980221	0.005880929345727529	0.01211297297964812	0.0	0.00599311262545438
bc1024_bc1111	0.009570736297928564	0.011342862539261029	0.006503233725631349	0.00636274579094268	0.00825845479575116	0.00599311262545438	0.0
