	bc1005_bc1056	bc1005_bc1057	bc1005_bc1062	bc1005_bc1075	bc1007_bc1075	bc1020_bc1059
bc1005_bc1056	0.0	0.007746123973612702	0.003909439296246227	0.003516672896976612	0.011682005268943358	0.006029071900713407
bc1005_bc1057	0.007746123973612702	0.0	0.009551036290450982	0.010544064570669918	0.015682132558778088	0.0064935485192668145
bc1005_bc1062	0.003909439296246227	0.009551036290450982	0.0	0.0021391619997129805	0.009218034196981742	0.00633343797606978
bc1005_bc1075	0.003516672896976612	0.010544064570669918	0.0021391619997129805	0.0	0.009006774345928935	0.006896059424829238
bc1007_bc1075	0.011682005268943358	0.015682132558778088	0.009218034196981742	0.009006774345928935	0.0	0.01116779771599757
bc1020_bc1059	0.006029071900713407	0.0064935485192668145	0.00633343797606978	0.006896059424829238	0.01116779771599757	0.0
