	bc1005_bc1056	bc1005_bc1057	bc1005_bc1062	bc1005_bc1075	bc1007_bc1075	bc1020_bc1059
bc1005_bc1056	0.0	0.008818259969185092	0.0039589652517152225	0.002928807230935265	0.011493499452066581	0.005926721875584709
bc1005_bc1057	0.008818259969185092	0.0	0.010657882426178602	0.011456628356090605	0.017093557025984956	0.006804219593346565
bc1005_bc1062	0.0039589652517152225	0.010657882426178602	0.0	0.0021836155370708633	0.009267320385719561	0.005678053560085482
bc1005_bc1075	0.002928807230935265	0.011456628356090605	0.0021836155370708633	0.0	0.009624733715901768	0.0064809637890720605
bc1007_bc1075	0.011493499452066581	0.017093557025984956	0.009267320385719561	0.009624733715901768	0.0	0.011348099477202708
bc1020_bc1059	0.005926721875584709	0.006804219593346565	0.005678053560085482	0.0064809637890720605	0.011348099477202708	0.0
